1 1 0.45146507 0.23533195 0.14495681 0.27300013 0.34831513 0.24925422 0.39315205
2 0.45146507 1 0.24233752 0.10392925 0.24874142 0.36735828 0.2125745 0.45896616
3 0.23533195 0.24233752 1 0.16149726 0.21050553 0.25809395 0.18739866 0.25474581
4 0.14495681 0.10392925 0.16149726 1 0.17809761 0.15400245 0.17858954 0.1317138
5 0.27300013 0.24874142 0.21050553 0.17809761 1 0.262087 0.20452018 0.25687713
6 0.34831513 0.36735828 0.25809395 0.15400245 0.262087 1 0.21960194 0.36703737
7 0.24925422 0.2125745 0.18739866 0.17858954 0.20452018 0.21960194 1 0.22596718
8 0.39315205 0.45896616 0.25474581 0.1317138 0.25687713 0.36703737 0.22596718 1